%YAML:1.0
---
K1: !!opencv-matrix
   rows: 3
   cols: 3
   dt: d
   data: [ 9.2203965468042804e+02, 0., 6.3714803019884130e+02, 0.,
       9.2174140975254056e+02, 3.5413166483737399e+02, 0., 0., 1. ]
K2: !!opencv-matrix
   rows: 3
   cols: 3
   dt: d
   data: [ 9.1556322761234310e+02, 0., 6.3323102607599890e+02, 0.,
       9.1580371147465132e+02, 3.5182555145055119e+02, 0., 0., 1. ]
D1: !!opencv-matrix
   rows: 1
   cols: 5
   dt: d
   data: [ -4.0051346382639928e-02, 2.7576195929531216e-01,
       3.7463207967994155e-03, 1.3179149615503137e-03,
       -4.1038258146377821e-01 ]
D2: !!opencv-matrix
   rows: 1
   cols: 5
   dt: d
   data: [ -1.7748463834728296e-02, 1.5929880277120115e-01,
       3.8349198414964450e-03, 7.6180444085475205e-04,
       -2.3070896784781603e-01 ]
R: !!opencv-matrix
   rows: 3
   cols: 3
   dt: d
   data: [ 9.9999122827323506e-01, -2.6679338472359508e-04,
       4.1799758224861910e-03, 2.5499648317277627e-04,
       9.9999598416970825e-01, 2.8225203719858967e-03,
       -4.1807120661761545e-03, -2.8214297344739277e-03,
       9.9998728050954389e-01 ]
T: [ -5.4692799475355679e-02, -2.4251407351452524e-04,
    -5.0300692564773895e-03 ]
E: !!opencv-matrix
   rows: 3
   cols: 3
   dt: d
   data: [ 2.2965314838769424e-06, 5.0307332929909422e-03,
       -2.2831351591017432e-04, -5.2586799807838357e-03,
       -1.5296990149905884e-04, 5.4671078242937224e-02,
       2.2856547472624615e-04, -5.4692644539505321e-02,
       -1.5335783775622761e-04 ]
F: !!opencv-matrix
   rows: 3
   cols: 3
   dt: d
   data: [ -1.2126097176034343e-08, -2.6571766946845435e-05,
       1.0529182384012818e-02, 2.7759479919931893e-05,
       8.0775763257854146e-07, -2.8407107985713331e-01,
       -1.0863778394979517e-02, 2.8103014132776666e-01, 1. ]
R1: !!opencv-matrix
   rows: 3
   cols: 3
   dt: d
   data: [ 9.9539725286233172e-01, 3.8913559677179774e-03,
       9.5755764018965434e-02, -4.0442221310581514e-03,
       9.9999083873765271e-01, 1.4023937108233366e-03,
       -9.5749429562154320e-02, -1.7831964272068466e-03,
       9.9540387127488306e-01 ]
R2: !!opencv-matrix
   rows: 3
   cols: 3
   dt: d
   data: [ 9.9578774010003956e-01, 4.4154357342103259e-03,
       9.1582097561330456e-02, -4.3051156250008028e-03,
       9.9998974996654877e-01, -1.4021202852600577e-03,
       -9.1587349813778154e-02, 1.0019426710259002e-03,
       9.9579654220376390e-01 ]
P1: !!opencv-matrix
   rows: 3
   cols: 4
   dt: d
   data: [ 9.1877256061359594e+02, 0., 5.0579219055175781e+02, 0., 0.,
       9.1877256061359594e+02, 3.5647584152221680e+02, 0., 0., 0., 1.,
       0. ]
P2: !!opencv-matrix
   rows: 3
   cols: 4
   dt: d
   data: [ 9.1877256061359594e+02, 0., 5.0579219055175781e+02,
       -5.0462805874724054e+01, 0., 9.1877256061359594e+02,
       3.5647584152221680e+02, 0., 0., 0., 1., 0. ]
Q: !!opencv-matrix
   rows: 4
   cols: 4
   dt: d
   data: [ 1., 0., 0., -5.0579219055175781e+02, 0., 1., 0.,
       -3.5647584152221680e+02, 0., 0., 0., 9.1877256061359594e+02, 0.,
       0., 1.8206925768148640e+01, 0. ]
